2 2 2 2 2 2 2 2 2 2 2 2 2 2 2 2 2 2 2 2 2 2 2 2 2 2 2 2 2 2 2 2 2 2 2 2 2 2 2 2 2 2 2 2 2 2 2 2 2 2 
2 2 2 2 2 2 2 2 2 2 2 2 2 2 2 2 2 2 2 2 2 2 2 2 2 2 2 2 2 2 2 2 2 2 2 2 2 2 2 2 2 2 2 2 2 2 2 2 2 2 
2 2 2 2 2 2 2 2 2 2 2 2 2 2 2 2 2 2 2 2 2 2 2 2 2 2 2 2 2 2 2 2 2 2 2 2 2 2 2 2 2 2 2 2 2 2 2 2 2 2 
2 2 2 2 2 2 2 2 2 2 2 2 2 2 2 2 2 2 2 2 2 2 2 2 2 2 2 2 2 2 2 2 2 2 2 2 2 2 2 2 2 2 2 2 2 2 2 2 2 2 
2 2 2 2 2 2 2 2 2 2 2 2 2 2 2 2 2 2 2 2 2 2 2 2 2 2 2 2 2 2 2 2 2 2 2 2 2 2 2 2 2 2 2 2 2 2 2 2 2 2 
2 2 2 2 2 2 2 2 2 2 2 2 2 2 2 2 2 2 2 2 2 2 2 2 2 2 2 2 2 2 2 2 2 2 2 2 2 2 2 2 2 2 2 2 2 2 2 2 2 2 
2 2 2 2 2 2 2 2 2 2 2 2 2 2 2 2 2 2 2 2 2 2 2 2 2 2 2 2 2 2 2 2 2 2 2 2 2 2 2 2 2 2 2 2 2 2 2 2 2 2 
2 2 2 2 2 2 2 2 2 2 2 2 2 2 2 2 2 2 2 2 2 2 2 2 2 2 2 2 2 2 2 2 2 2 2 2 2 2 2 2 2 2 2 2 2 2 2 2 2 2 
2 2 2 2 2 2 2 2 2 2 2 2 2 2 2 2 2 2 2 2 2 2 2 2 2 2 2 2 2 2 2 2 2 2 2 2 2 2 2 2 2 2 2 2 2 2 2 2 2 2 
2 2 2 2 2 2 2 2 5 6 6 6 6 1 1 1 6 6 6 6 4 0 0 0 0 0 0 0 0 3 3 4 4 4 0 3 3 3 3 3 10 13 2 2 2 2 2 2 2 2 
2 2 2 2 2 2 2 2 5 6 6 6 6 1 3 1 6 6 6 6 4 0 0 0 0 0 0 0 0 3 4 4 3 4 6 3 3 3 3 3 7 3 2 2 2 2 2 2 2 2 
2 2 2 2 2 2 2 2 5 6 6 6 6 1 3 1 6 6 6 4 4 0 0 0 0 0 0 0 0 3 4 4 4 3 3 2 2 3 3 3 7 3 2 2 2 2 2 2 2 2 
2 2 2 2 2 2 2 2 5 6 6 6 6 14 6 6 6 6 6 4 0 0 0 0 0 0 0 0 0 3 0 4 3 3 3 2 2 10 8 8 12 3 2 2 2 2 2 2 2 2 
2 2 2 2 2 2 2 2 5 8 8 8 8 9 6 8 8 8 8 4 0 0 0 0 0 0 0 0 0 3 0 3 14 14 14 14 14 7 2 2 3 3 2 2 2 2 2 2 2 2 
2 2 2 2 2 2 2 2 5 6 6 6 4 7 4 4 6 6 6 4 0 0 0 0 0 0 0 0 0 3 2 3 10 8 8 8 8 12 2 2 3 3 2 2 2 2 2 2 2 2 
2 2 2 2 2 2 2 2 5 6 6 6 4 7 7 4 6 6 4 4 0 0 0 0 3 3 3 3 3 3 2 3 7 4 14 14 14 14 3 3 6 3 2 2 2 2 2 2 2 2 
2 2 2 2 2 2 2 2 5 6 6 6 4 7 7 4 6 6 4 0 0 0 0 3 2 14 14 14 14 14 14 2 7 4 4 4 4 4 4 3 3 3 2 2 2 2 2 2 2 2 
2 2 2 2 2 2 2 2 5 6 6 6 4 7 7 4 6 6 4 0 0 0 0 3 14 10 8 8 8 8 8 8 12 4 4 14 14 3 4 4 3 3 2 2 2 2 2 2 2 2 
2 2 2 2 2 2 2 2 5 5 4 6 4 7 7 4 6 6 4 0 0 0 0 3 14 7 14 14 14 14 14 14 2 3 3 3 4 3 3 4 3 3 2 2 2 2 2 2 2 2 
2 2 2 2 2 2 2 2 2 2 7 4 4 7 7 4 4 4 0 0 0 0 0 3 14 7 14 2 3 3 3 3 3 3 3 3 4 4 4 4 3 3 2 2 2 2 2 2 2 2 
2 2 2 2 2 2 2 2 2 2 9 8 8 9 9 8 8 8 4 0 0 0 0 3 14 7 14 3 3 3 3 3 3 3 4 0 0 4 4 3 3 3 2 2 2 2 2 2 2 2 
2 2 2 2 2 2 2 2 5 5 7 6 6 7 7 6 4 4 4 4 0 0 0 3 14 7 14 3 3 3 3 0 0 0 4 4 0 4 4 3 4 3 2 2 2 2 2 2 2 2 
2 2 2 2 2 2 2 2 5 6 7 6 6 4 4 4 6 6 6 4 0 0 0 3 14 7 14 3 3 3 3 0 0 0 0 0 0 0 3 3 4 3 2 2 2 2 2 2 2 2 
2 2 2 2 2 2 2 2 5 6 7 4 4 10 13 6 6 6 6 4 4 6 6 6 14 7 14 4 4 4 4 0 0 0 0 0 0 0 0 3 3 3 2 2 2 2 2 2 2 2 
2 2 2 2 2 2 2 2 5 4 11 8 8 9 9 8 8 8 8 8 8 8 8 9 4 9 13 4 4 4 4 4 4 4 4 4 4 4 6 14 6 4 2 2 2 2 2 2 2 2 
2 2 2 2 2 2 2 2 5 6 6 6 6 6 6 6 6 6 6 6 6 6 6 7 4 9 7 8 8 8 8 8 8 8 8 8 8 8 8 13 14 4 2 2 2 2 2 2 2 2 
2 2 2 2 2 2 2 2 5 6 6 6 6 6 6 6 4 4 4 4 4 6 6 11 9 9 12 4 4 4 4 4 4 4 4 4 4 4 6 7 6 4 2 2 2 2 2 2 2 2 
2 2 2 2 2 2 2 2 5 6 6 5 5 5 6 6 6 6 6 6 6 6 6 6 7 7 1 4 4 4 4 0 0 0 0 4 4 5 4 7 2 5 2 2 2 2 2 2 2 2 
2 2 2 2 2 2 2 2 5 5 5 5 2 5 5 5 5 5 5 5 5 5 5 1 7 7 1 0 0 0 0 0 0 0 4 4 5 2 5 7 2 4 2 2 2 2 2 2 2 2 
2 2 2 2 2 2 2 2 5 1 1 1 1 1 1 1 1 1 1 1 1 1 1 1 7 7 1 0 0 0 0 0 0 0 4 5 14 2 4 7 2 5 2 2 2 2 2 2 2 2 
2 2 2 2 2 2 2 2 5 14 14 14 4 4 1 1 1 1 1 1 1 1 1 1 7 7 1 0 0 0 0 0 0 4 4 5 2 2 5 7 2 4 2 2 2 2 2 2 2 2 
2 2 2 2 2 2 2 2 5 14 14 10 8 8 8 8 8 8 8 8 8 8 8 8 9 7 1 0 0 0 0 0 0 4 0 5 2 14 4 7 2 5 2 2 2 2 2 2 2 2 
2 2 2 2 2 2 2 2 5 14 6 9 8 8 8 8 8 8 8 8 8 8 8 8 8 12 1 0 0 0 0 0 0 4 0 0 2 2 5 7 2 4 2 2 2 2 2 2 2 2 
2 2 2 2 2 2 2 2 5 14 6 7 6 6 4 1 1 1 1 1 1 1 1 1 1 1 1 0 0 0 0 0 4 4 5 5 2 14 4 7 2 5 2 2 2 2 2 2 2 2 
2 2 2 2 2 2 2 2 5 14 6 7 6 6 4 4 4 4 4 4 4 4 4 4 4 4 4 0 0 0 0 0 4 0 5 14 14 2 5 7 2 4 2 2 2 2 2 2 2 2 
2 2 2 2 2 2 2 2 5 14 6 0 6 6 4 1 1 1 1 1 1 1 1 1 1 1 1 0 0 0 0 0 4 0 5 14 14 2 4 7 2 4 2 2 2 2 2 2 2 2 
2 2 2 2 2 2 2 2 5 14 6 6 6 14 4 1 1 1 1 1 1 1 1 1 1 1 1 0 0 0 0 4 0 0 5 2 2 14 5 7 2 5 2 2 2 2 2 2 2 2 
2 2 2 2 2 2 2 2 5 14 14 6 6 14 1 1 1 1 1 1 1 1 1 1 0 0 0 0 0 0 0 4 0 0 0 2 2 2 4 7 2 4 2 2 2 2 2 2 2 2 
2 2 2 2 2 2 2 2 5 1 14 14 14 14 1 2 2 0 0 0 0 0 0 0 0 0 0 0 0 0 4 0 0 5 5 2 2 14 5 7 2 5 2 2 2 2 2 2 2 2 
2 2 2 2 2 2 2 2 5 1 1 1 1 1 1 2 2 0 0 0 0 0 0 0 0 0 0 0 0 0 4 0 0 5 14 14 2 4 10 12 2 4 2 2 2 2 2 2 2 2 
2 2 2 2 2 2 2 2 5 5 5 5 5 5 5 5 5 5 5 5 5 5 5 5 5 5 5 5 5 5 4 5 5 5 2 14 2 4 7 4 2 5 2 2 2 2 2 2 2 2 
2 2 2 2 2 2 2 2 2 2 2 2 2 2 2 2 2 2 2 2 2 2 2 2 2 2 2 2 2 2 2 2 2 2 2 2 2 2 2 2 2 2 2 2 2 2 2 2 2 2 
2 2 2 2 2 2 2 2 2 2 2 2 2 2 2 2 2 2 2 2 2 2 2 2 2 2 2 2 2 2 2 2 2 2 2 2 2 2 2 2 2 2 2 2 2 2 2 2 2 2 
2 2 2 2 2 2 2 2 2 2 2 2 2 2 2 2 2 2 2 2 2 2 2 2 2 2 2 2 2 2 2 2 2 2 2 2 2 2 2 2 2 2 2 2 2 2 2 2 2 2 
2 2 2 2 2 2 2 2 2 2 2 2 2 2 2 2 2 2 2 2 2 2 2 2 2 2 2 2 2 2 2 2 2 2 2 2 2 2 2 2 2 2 2 2 2 2 2 2 2 2 
2 2 2 2 2 2 2 2 2 2 2 2 2 2 2 2 2 2 2 2 2 2 2 2 2 2 2 2 2 2 2 2 2 2 2 2 2 2 2 2 2 2 2 2 2 2 2 2 2 2 
2 2 2 2 2 2 2 2 2 2 2 2 2 2 2 2 2 2 2 2 2 2 2 2 2 2 2 2 2 2 2 2 2 2 2 2 2 2 2 2 2 2 2 2 2 2 2 2 2 2 
2 2 2 2 2 2 2 2 2 2 2 2 2 2 2 2 2 2 2 2 2 2 2 2 2 2 2 2 2 2 2 2 2 2 2 2 2 2 2 2 2 2 2 2 2 2 2 2 2 2 
2 2 2 2 2 2 2 2 2 2 2 2 2 2 2 2 2 2 2 2 2 2 2 2 2 2 2 2 2 2 2 2 2 2 2 2 2 2 2 2 2 2 2 2 2 2 2 2 2 2 
2 2 2 2 2 2 2 2 2 2 2 2 2 2 2 2 2 2 2 2 2 2 2 2 2 2 2 2 2 2 2 2 2 2 2 2 2 2 2 2 2 2 2 2 2 2 2 2 2 2 
