1 1 1 3 2 2 2 2 2 2 2 2 2 2 2 2 2 3 3 3 3 3 4 7 7 7 4 0 0 0 0 0 0 0 0 0 0 0 0 0 0 0 0 0 0 0 0 0 0 0 
1 5 1 3 2 2 2 2 2 2 2 2 2 2 2 2 2 3 3 3 3 3 4 7 7 7 4 0 0 0 0 0 0 0 0 0 0 0 0 0 0 0 0 0 0 0 0 0 0 0 
1 1 1 3 2 2 2 2 2 2 2 2 2 2 2 2 2 3 3 3 3 3 4 7 7 7 4 0 0 0 0 0 0 0 0 0 0 0 0 0 0 0 0 0 0 0 0 0 0 0 
3 3 3 2 2 3 3 3 3 2 2 2 2 2 2 2 2 3 3 3 3 3 4 7 7 7 4 0 0 0 0 0 0 0 0 0 0 0 0 0 0 0 0 0 0 0 0 0 0 0 
2 2 2 2 3 3 0 3 3 2 2 2 2 2 2 2 3 3 3 8 8 8 8 7 7 7 4 0 0 0 0 0 0 1 1 1 1 1 1 1 1 1 1 1 1 1 1 1 1 0 
2 2 2 2 3 0 4 0 3 2 2 2 2 2 2 2 3 3 8 8 8 8 8 7 7 7 4 0 0 0 0 0 0 1 5 5 5 5 5 5 5 5 5 5 5 5 5 5 1 0 
2 2 2 3 3 3 0 3 3 2 2 2 2 2 2 2 3 3 8 8 8 8 8 7 7 7 4 0 0 0 0 0 0 1 5 5 5 5 5 5 5 5 5 5 5 5 5 5 1 0 
2 2 2 3 2 3 3 3 3 2 2 2 2 2 2 3 3 3 3 3 3 3 4 7 7 7 4 0 0 0 0 0 0 1 5 5 5 5 5 5 5 5 5 5 5 5 5 5 1 0 
2 2 2 2 2 2 2 3 2 2 2 2 2 2 2 3 3 3 3 3 3 3 4 7 7 7 4 0 0 0 0 0 0 1 5 5 5 5 5 5 5 5 5 5 5 5 5 5 1 0 
2 2 2 2 2 2 2 2 2 2 2 2 2 2 2 3 3 3 3 3 3 3 4 7 7 7 4 0 0 0 0 0 0 1 5 5 5 5 5 5 5 5 5 5 5 5 5 5 1 0 
2 2 2 2 2 2 2 2 2 2 2 2 2 2 2 3 3 3 3 3 3 3 4 7 7 7 4 4 4 4 4 4 4 1 5 5 5 5 5 5 5 5 5 5 5 5 5 5 1 0 
2 2 2 2 2 2 2 2 2 2 2 2 2 2 2 3 3 3 3 3 3 3 4 7 7 7 8 8 8 8 8 8 8 8 5 5 5 5 5 5 5 5 5 5 5 5 5 5 1 0 
2 2 2 2 2 2 2 2 2 2 2 2 2 2 3 3 3 3 3 3 3 3 4 7 7 7 8 8 8 8 8 8 8 8 5 5 5 5 5 5 5 5 5 5 5 5 5 5 1 0 
2 2 2 2 2 2 2 2 2 2 2 2 2 2 3 3 3 3 3 3 3 3 4 7 7 7 8 8 8 8 8 8 8 8 5 5 5 5 5 5 5 5 5 5 5 5 5 5 1 0 
2 2 2 2 2 2 2 2 2 2 2 2 3 3 3 3 3 3 3 3 3 3 4 7 7 7 4 4 4 4 4 4 4 1 5 5 5 5 5 5 5 5 5 5 5 5 5 5 1 0 
2 2 2 2 2 2 2 2 2 2 2 3 3 3 1 1 1 1 1 1 1 3 4 7 7 7 4 0 0 0 0 0 0 1 5 5 5 5 5 5 5 5 5 5 5 5 5 5 1 0 
2 2 2 2 3 3 2 2 2 2 3 3 3 3 1 1 5 5 5 1 1 3 4 7 7 7 4 0 0 0 0 0 0 1 5 5 5 5 5 5 5 5 5 5 5 5 5 5 1 0 
3 3 3 3 3 3 3 3 3 3 3 3 3 3 1 5 5 5 5 5 1 3 4 7 7 7 4 0 0 0 0 0 0 1 1 1 7 7 7 1 1 1 1 1 1 1 1 1 1 0 
3 3 3 3 3 3 3 3 3 3 3 3 3 3 1 5 5 5 5 5 1 3 4 7 7 7 4 0 0 0 0 0 0 0 0 14 7 7 7 14 0 0 0 0 0 0 0 0 0 0 
3 3 14 7 7 7 14 3 3 3 3 3 3 3 1 1 5 5 5 1 1 3 4 7 7 7 4 0 0 0 0 0 0 0 0 14 7 7 7 14 0 0 0 0 0 0 0 0 0 0 
3 3 14 7 7 7 14 3 3 3 3 3 3 3 1 1 1 1 1 1 1 3 4 7 7 7 4 0 0 0 0 0 0 0 0 14 7 7 7 14 0 0 0 0 0 0 0 0 0 0 
3 3 14 7 7 7 14 3 3 3 3 3 3 3 3 3 3 3 3 3 3 4 4 7 7 7 4 4 0 0 0 0 0 0 0 14 7 7 7 14 0 0 0 0 0 0 0 0 0 0 
14 14 14 7 7 7 14 14 14 14 14 14 14 14 14 14 14 14 14 14 14 4 10 9 9 9 13 4 14 14 14 14 14 14 14 14 7 7 7 14 14 14 14 14 14 14 14 14 14 14 
8 8 8 8 8 8 8 8 8 8 8 8 8 8 8 8 8 8 8 8 8 8 9 9 9 9 9 8 8 8 8 8 8 8 8 8 8 8 7 8 8 8 8 8 8 8 8 8 8 8 
8 8 8 8 8 8 8 8 8 8 8 8 8 8 8 8 8 8 8 8 8 8 9 9 9 9 9 8 8 8 8 8 8 8 8 8 8 8 8 8 8 8 8 8 8 8 8 8 8 8 
8 8 8 8 8 8 8 8 8 8 8 8 8 8 8 8 8 8 8 8 8 8 9 9 9 9 9 8 8 8 8 8 8 8 8 8 8 8 8 8 8 8 8 8 8 8 8 8 8 8 
14 14 14 14 14 14 14 14 14 14 7 7 7 14 14 14 14 14 14 14 14 4 11 9 9 9 12 4 14 14 14 14 14 14 14 14 14 14 14 14 14 14 14 14 14 7 7 7 14 14 
6 6 6 6 6 6 6 6 6 14 7 7 7 14 6 6 6 6 6 6 6 4 4 7 7 7 4 4 14 14 14 14 14 14 14 14 14 14 14 14 14 14 14 14 14 7 7 7 14 14 
6 6 6 4 4 4 4 4 6 14 7 7 7 14 6 6 6 4 4 6 6 6 14 7 7 7 14 14 14 14 14 14 14 14 14 14 14 14 14 14 14 14 14 14 14 7 7 7 14 14 
9 9 6 6 4 4 4 4 6 14 7 7 7 14 6 6 4 4 4 4 4 6 14 7 7 7 14 14 14 14 9 14 14 14 14 14 14 14 14 14 14 14 14 14 14 7 7 7 14 14 
6 9 9 6 6 4 4 4 4 14 7 7 7 14 4 4 4 4 4 4 4 6 14 7 7 7 14 14 14 14 14 9 9 14 14 14 14 14 14 14 14 14 14 14 14 7 7 7 14 14 
4 6 9 9 6 4 4 4 4 6 6 9 6 4 4 4 4 4 4 4 6 4 14 7 7 7 14 14 14 14 14 14 9 9 14 14 14 14 14 14 14 14 14 14 14 9 9 9 14 14 
4 6 6 9 6 6 6 4 4 6 6 9 6 4 4 4 4 6 6 6 6 6 14 7 7 7 14 14 14 14 14 14 14 9 9 14 14 14 14 14 14 14 14 14 14 9 14 14 14 14 
4 6 9 9 9 9 9 4 4 6 9 9 6 4 4 6 6 6 6 4 9 9 14 7 7 7 14 14 14 14 14 14 14 14 9 9 9 14 14 14 14 14 14 14 14 9 14 14 14 14 
6 6 9 6 6 6 9 9 6 6 9 6 4 4 6 6 6 6 9 9 9 6 14 7 7 7 14 14 14 14 14 14 14 14 14 14 9 9 9 14 14 14 14 9 9 9 14 14 14 14 
6 9 9 6 4 4 6 9 9 6 9 4 4 6 6 4 4 9 9 6 6 6 14 7 7 7 14 14 14 14 14 14 14 14 14 14 14 9 9 14 14 14 14 9 14 9 14 14 14 14 
6 9 6 6 4 4 6 6 9 9 9 6 6 6 4 6 9 9 6 6 4 4 14 7 7 7 14 14 14 14 14 14 14 14 14 14 9 14 9 9 14 14 9 9 14 9 9 14 14 14 
6 9 6 4 4 4 4 4 6 9 9 9 9 9 9 9 9 6 6 4 4 4 14 7 7 7 14 14 14 14 14 14 14 14 14 9 9 14 14 9 9 9 9 14 14 14 9 14 14 14 
6 9 6 4 4 4 4 4 4 4 9 9 6 6 6 9 9 6 6 4 4 4 14 7 7 7 14 14 14 14 14 14 14 14 14 9 14 14 14 14 14 9 14 14 14 14 9 9 14 14 
6 9 6 4 4 4 4 4 4 9 9 6 6 6 6 6 9 9 6 6 4 4 14 7 7 7 14 14 14 14 14 14 14 14 9 9 14 14 14 14 14 9 14 14 14 14 14 9 9 14 
6 6 6 4 4 4 4 4 9 9 6 6 4 4 6 4 6 9 9 6 4 4 14 7 7 7 14 14 14 14 14 14 14 9 9 14 14 14 14 14 14 9 14 14 14 14 14 14 9 14 
4 4 4 4 4 4 4 4 9 6 4 4 4 4 4 4 6 6 6 6 4 4 14 7 7 7 14 14 14 14 14 14 14 9 14 14 14 14 1 1 1 9 1 1 1 14 14 14 9 14 
1 1 1 1 1 1 1 1 1 1 1 1 1 1 1 1 6 6 4 4 4 4 14 7 7 7 14 14 14 14 14 14 9 9 14 14 14 14 1 5 5 5 5 5 1 14 14 14 9 9 
5 1 5 5 5 5 5 5 5 5 5 5 5 1 5 1 6 6 4 4 4 4 14 7 7 7 14 14 14 14 14 14 9 14 14 14 14 14 1 5 5 5 5 5 1 14 14 14 14 9 
1 1 5 5 5 5 5 5 5 5 5 5 5 1 1 1 6 6 4 4 4 4 14 7 7 7 14 14 14 14 14 14 9 14 14 14 14 14 1 5 5 5 5 5 1 14 14 14 14 14 
5 5 5 5 5 5 5 5 5 5 5 5 5 5 5 1 6 6 4 4 4 4 14 7 7 7 14 14 14 14 14 14 9 14 14 14 14 14 1 5 5 5 5 5 1 14 14 14 14 14 
5 5 5 5 5 5 5 5 5 5 5 5 5 5 5 1 6 6 4 4 4 4 14 7 7 7 14 14 14 14 14 14 9 9 14 14 14 14 1 5 5 5 5 5 1 14 14 14 14 14 
5 5 5 5 5 5 5 5 5 5 5 5 5 5 5 1 6 6 4 4 4 4 14 7 7 7 14 14 14 14 14 14 14 9 9 14 14 14 1 1 1 1 1 1 1 14 14 14 14 14 
1 1 5 5 5 5 5 5 5 5 5 5 5 1 1 1 6 6 4 4 4 4 14 7 7 7 14 14 14 14 14 14 14 14 9 9 9 14 14 14 14 14 14 14 14 14 14 14 14 14 
5 1 5 5 5 5 5 5 5 5 5 5 5 1 5 1 6 6 4 4 4 4 14 7 7 7 14 14 14 14 14 14 14 14 14 14 9 9 14 14 14 14 14 14 14 14 14 14 14 14 
