13 13 13 13 13 13 13 13 13 13 13 13 13 13 13 13 13 13 8 3 6 6 6 6 6 6 6 6 3 3 3 3 3 3 3 3 3 3 3 3 3 3 3 3 3 3 3 3 3 3 
13 13 13 13 13 13 13 13 13 13 13 13 13 13 13 13 13 13 8 8 4 4 4 4 4 4 10 6 3 3 3 3 3 3 3 3 3 3 3 3 3 3 3 3 3 3 3 3 3 3 
13 13 13 13 13 13 13 13 13 13 13 13 13 13 13 13 13 13 13 8 4 4 4 4 7 7 7 6 3 3 3 3 3 3 3 3 3 3 3 3 3 3 3 3 3 3 3 3 3 3 
13 13 13 13 13 13 13 13 13 13 13 13 13 13 13 13 13 13 13 8 4 4 4 4 7 7 11 6 3 3 3 3 3 3 3 3 3 3 3 3 6 6 6 6 6 6 3 3 3 3 
13 13 13 13 13 13 13 13 13 13 13 13 13 13 13 13 13 13 13 8 6 6 6 6 11 11 11 6 3 3 3 3 3 3 3 3 3 3 3 3 3 6 6 6 3 6 6 3 3 3 
13 13 13 13 13 13 13 13 13 13 13 13 13 13 13 13 13 13 13 8 6 6 3 6 11 11 11 6 3 3 3 3 6 3 3 3 3 3 3 3 3 6 6 6 6 6 6 3 3 3 
13 13 13 13 13 13 13 13 13 13 13 13 13 13 13 13 13 13 8 8 6 6 3 6 11 11 11 6 3 3 3 3 6 3 6 6 3 3 3 3 3 3 3 3 3 3 3 3 3 3 
13 13 13 13 13 13 13 13 13 13 13 13 13 13 13 13 13 13 8 3 3 3 3 6 11 11 11 6 3 3 3 3 6 6 6 6 3 3 3 3 3 3 3 3 3 3 3 3 3 3 
13 13 13 13 13 13 13 13 13 13 13 13 13 13 13 13 13 8 8 3 3 3 3 6 11 11 11 6 3 3 3 3 6 6 3 6 3 3 3 3 3 3 3 3 3 3 3 3 3 3 
13 13 13 13 13 13 13 13 13 13 13 13 13 13 13 13 13 8 3 3 3 3 3 6 11 11 11 6 3 3 3 3 3 6 6 6 3 12 12 12 12 12 12 12 12 12 12 12 12 3 
13 13 13 13 13 13 13 13 13 13 13 13 13 13 13 13 13 8 3 3 3 3 3 6 11 11 11 6 3 3 3 3 3 6 3 3 3 12 2 2 2 2 2 2 2 2 2 2 12 3 
13 13 13 13 13 13 13 13 13 13 13 13 13 13 13 8 8 8 3 3 3 3 3 6 11 11 11 6 3 3 3 3 6 6 3 3 3 12 2 2 2 2 2 2 2 2 2 2 12 3 
13 13 13 13 13 13 13 13 13 13 13 13 13 13 8 8 3 3 3 3 3 3 3 6 11 11 11 6 3 3 3 3 6 3 3 3 3 12 2 2 2 2 2 2 2 2 2 2 12 3 
13 13 13 13 13 13 13 13 13 13 13 13 13 8 8 3 3 3 3 3 3 3 3 6 11 11 11 6 3 3 3 3 6 3 3 3 3 12 2 2 2 2 2 2 2 2 2 2 12 3 
13 13 13 13 13 13 13 13 13 13 13 13 13 8 6 6 3 3 3 3 3 3 3 6 11 11 11 6 3 3 3 6 6 3 3 3 3 12 2 2 2 2 2 2 2 2 2 2 12 3 
13 13 13 13 13 13 13 13 13 13 13 8 8 6 6 6 6 3 3 3 3 3 3 6 11 11 11 6 3 3 3 3 3 3 3 3 3 12 2 2 2 2 2 2 2 2 2 2 12 3 
13 13 13 13 13 13 13 13 13 8 8 8 3 6 3 6 6 6 3 3 3 3 3 6 11 11 11 6 3 3 3 3 3 3 3 3 3 12 2 2 2 2 2 2 2 2 2 2 12 3 
13 13 13 13 13 13 13 13 8 8 3 3 3 6 6 6 3 3 3 3 3 3 3 6 11 11 11 6 3 3 3 3 3 3 3 3 3 12 12 12 12 12 12 12 12 12 12 12 12 3 
8 8 8 13 13 13 8 8 8 3 3 3 3 3 3 3 3 3 3 3 3 3 3 6 11 11 11 6 3 3 3 3 3 3 3 3 3 3 3 3 3 3 3 3 3 3 3 3 3 3 
3 3 8 8 8 8 8 3 3 3 6 6 6 3 3 3 3 3 3 3 3 3 3 6 11 11 11 6 3 3 3 3 3 3 3 3 3 3 3 3 3 3 3 6 6 6 6 6 6 3 
3 3 3 3 3 3 3 3 3 3 6 6 3 3 3 3 3 3 3 3 3 3 3 6 11 11 11 6 3 3 3 3 3 3 3 3 3 3 3 3 3 3 3 3 3 3 3 3 3 3 
3 3 3 3 3 3 3 3 3 3 6 3 3 3 3 3 3 3 3 3 3 3 3 6 11 11 11 6 3 3 3 3 3 3 3 3 3 3 3 3 3 3 3 3 3 3 3 3 3 3 
3 3 3 3 3 3 3 3 3 3 3 3 3 3 3 3 3 3 3 3 3 3 6 6 11 11 11 6 6 3 3 3 3 3 3 3 3 3 3 3 3 3 3 3 3 3 3 3 3 3 
14 14 14 14 14 14 14 14 14 14 14 14 14 14 14 14 14 14 14 14 14 14 6 0 7 7 7 10 6 14 14 14 14 14 14 14 14 14 14 14 14 14 14 14 14 14 14 14 14 14 
4 4 4 4 4 4 4 4 4 4 4 4 4 4 4 4 4 4 4 4 4 4 4 7 7 7 7 7 4 4 4 4 4 4 4 4 4 4 4 4 4 4 4 4 4 4 4 4 4 4 
4 4 4 4 4 4 4 4 4 4 4 4 4 4 4 4 4 4 4 4 4 4 4 7 7 7 7 7 4 4 4 4 4 4 4 4 4 4 4 4 4 4 4 4 4 4 4 4 4 4 
4 4 4 4 4 4 4 4 4 4 4 4 4 4 4 4 4 4 4 4 4 4 4 7 7 7 7 7 4 4 4 4 4 4 4 4 4 4 4 4 4 4 4 4 4 4 4 4 4 4 
14 14 14 14 14 14 14 14 14 14 14 14 14 14 14 14 14 14 14 14 14 14 6 9 7 7 7 1 6 14 14 14 14 14 14 14 14 14 14 14 14 14 14 14 14 14 14 14 14 14 
3 3 3 3 3 3 3 3 3 3 3 3 3 3 3 3 3 3 3 3 3 3 6 6 11 11 11 6 6 3 3 3 3 3 3 3 3 3 3 3 3 3 3 3 3 3 3 3 3 3 
3 3 3 3 3 3 3 5 5 3 3 3 3 3 3 3 3 3 5 3 3 3 3 14 11 11 11 14 3 3 3 3 3 3 3 3 3 3 3 3 14 3 3 3 3 3 3 3 3 3 
3 3 3 3 3 3 3 3 5 6 6 6 6 6 6 6 6 5 5 3 3 3 3 14 11 11 11 14 3 3 3 3 3 3 3 3 3 3 3 3 3 3 3 3 3 3 3 3 3 3 
3 3 3 3 3 3 3 6 5 5 6 6 6 6 6 6 5 5 3 3 3 3 3 14 11 11 11 14 3 3 3 14 3 3 3 3 3 3 3 3 3 3 3 3 3 3 3 3 3 3 
3 3 3 3 3 3 3 6 6 5 6 6 6 6 5 5 5 3 3 3 3 3 3 14 11 11 11 14 3 3 3 3 3 3 3 3 3 3 14 3 3 3 3 3 3 14 14 3 3 3 
3 3 3 3 3 3 3 6 6 5 5 5 5 5 5 6 6 6 3 3 3 3 3 14 11 11 11 14 3 3 3 3 3 3 3 3 3 3 3 3 3 3 3 3 3 3 3 3 3 3 
3 3 3 3 3 3 3 6 6 6 5 5 6 6 6 6 6 6 3 3 3 3 3 14 11 11 11 14 3 3 3 3 3 3 14 3 3 3 3 3 3 3 3 3 3 3 3 3 3 3 
3 3 3 3 3 3 3 6 5 5 5 5 6 6 6 6 6 6 3 3 3 3 3 14 11 11 11 14 3 3 3 3 3 3 14 3 3 3 3 3 14 3 3 3 3 3 3 3 3 3 
3 3 3 3 3 3 5 5 5 6 6 5 5 5 6 6 6 3 3 3 3 3 3 14 11 11 11 14 3 3 14 3 3 3 3 3 3 3 3 3 14 3 3 3 3 3 3 3 3 3 
5 5 5 5 5 5 5 6 6 6 6 6 6 5 5 5 3 3 3 3 3 3 3 14 11 11 11 14 3 3 3 3 3 3 3 3 3 3 3 3 3 3 3 3 3 3 3 3 3 3 
3 3 3 3 3 3 3 3 3 3 3 3 3 3 3 3 3 3 3 3 3 3 3 14 11 11 11 14 3 3 3 3 3 3 3 3 3 3 3 3 3 3 3 3 3 3 3 3 3 3 
3 3 3 3 3 3 3 3 3 3 3 3 3 3 3 3 3 3 3 3 3 3 3 14 11 11 11 14 3 3 3 3 3 3 3 3 3 3 14 3 3 3 3 3 3 3 3 3 14 3 
3 3 3 3 3 3 3 3 3 3 3 3 3 3 3 3 3 3 3 3 3 3 3 14 11 11 11 14 3 3 3 3 3 3 3 3 3 14 14 3 3 3 3 3 3 3 3 3 3 3 
3 3 3 3 3 3 3 3 3 3 3 3 3 3 3 3 3 3 3 3 3 3 3 14 11 11 11 14 3 3 3 3 3 3 3 3 3 3 3 3 3 3 3 3 3 3 3 3 3 3 
3 3 3 3 3 3 3 3 3 3 3 3 3 3 3 3 3 3 3 3 3 3 3 14 11 11 11 14 3 3 3 3 3 3 3 3 3 3 3 3 3 3 3 3 3 3 3 3 3 3 
3 3 3 3 3 3 3 3 3 3 3 3 3 3 3 3 3 3 3 3 3 3 3 14 11 11 11 14 3 3 3 3 3 3 3 3 3 3 3 3 3 3 3 3 3 3 3 3 3 3 
3 3 3 3 3 3 3 3 3 3 3 3 3 3 3 3 3 3 3 3 3 3 3 14 11 11 11 14 3 3 3 3 3 3 3 3 3 3 3 3 3 3 3 3 3 3 3 3 3 3 
3 3 3 3 3 3 3 3 3 3 3 3 3 3 3 3 3 3 3 3 3 3 3 14 11 11 11 14 3 3 3 3 3 3 3 3 3 3 3 3 3 3 3 3 3 3 3 3 3 3 
3 3 3 3 3 3 3 3 3 3 3 3 3 3 3 3 3 3 3 3 3 3 3 14 11 11 11 14 3 3 3 3 3 3 3 3 3 3 3 3 3 3 3 3 3 3 3 3 3 3 
3 3 3 3 3 3 3 3 3 3 3 3 3 3 3 3 3 3 3 3 3 3 3 14 11 11 11 14 3 3 3 3 3 3 3 3 3 3 3 3 3 3 3 3 3 3 3 3 3 3 
3 3 3 3 3 3 3 3 3 3 3 3 3 3 3 3 3 3 3 3 3 3 3 14 11 11 11 14 3 3 3 3 3 3 3 3 3 3 3 3 3 3 3 3 3 3 3 3 3 3 
3 3 3 3 3 3 3 3 3 3 3 3 3 3 3 3 3 3 3 3 3 3 3 14 11 11 11 14 3 3 3 3 3 3 3 3 3 3 3 3 3 3 3 3 3 3 3 3 3 3 
