2 2 2 2 2 2 2 2 2 2 2 2 2 2 2 2 2 2 2 2 2 2 2 2 2 2 2 2 2 2 2 2 2 2 2 2 2 2 2 2 2 2 2 2 2 2 2 2 2 2 
2 2 2 2 2 2 2 2 2 2 2 2 2 2 2 2 2 2 2 2 2 2 2 2 2 2 2 2 2 2 2 2 2 2 2 2 2 2 2 2 2 2 2 2 2 2 2 2 2 2 
2 2 2 2 2 2 2 2 2 2 2 2 2 2 2 2 2 2 2 2 2 2 2 2 2 2 2 2 2 2 2 2 2 2 2 2 2 2 2 2 2 2 2 2 2 2 2 2 2 2 
2 2 2 2 2 2 2 2 2 2 2 2 2 2 2 2 2 2 2 2 2 2 2 2 2 2 2 2 2 2 2 2 2 2 2 2 2 2 2 2 2 2 2 2 2 2 2 2 2 2 
2 2 2 2 2 2 2 2 2 2 2 2 2 2 2 2 2 2 2 2 2 2 2 2 2 2 2 2 2 2 2 2 2 2 2 2 2 2 2 2 2 2 2 2 2 2 2 2 2 2 
2 2 2 2 2 2 2 2 2 2 2 2 2 2 2 2 2 2 2 2 2 2 2 2 2 2 2 2 2 2 2 2 2 2 2 2 2 2 2 2 2 2 2 2 2 2 2 2 2 2 
2 2 2 2 2 2 2 2 2 2 2 2 2 2 2 2 2 2 2 2 2 2 2 2 2 2 2 2 2 2 2 2 2 2 2 2 2 2 2 2 2 2 2 2 2 2 2 2 2 2 
2 2 2 2 2 2 2 8 8 8 8 8 8 8 8 8 8 8 8 8 8 8 8 8 8 8 8 8 8 2 2 2 2 2 2 2 2 2 2 2 2 2 2 2 2 2 2 2 2 2 
2 2 2 2 2 2 2 8 8 8 8 8 8 8 8 8 8 8 8 8 8 8 8 8 8 8 8 8 9 0 0 0 0 0 0 0 0 0 0 0 0 10 2 2 2 2 2 2 2 2 
2 2 2 2 2 2 2 8 8 6 6 6 6 6 6 6 6 6 6 6 8 8 8 0 0 0 8 8 0 0 10 0 0 10 0 8 8 8 8 8 0 0 2 2 2 2 2 2 2 2 
2 2 2 2 2 2 2 8 8 8 8 8 8 8 8 8 8 6 6 6 8 0 9 10 0 0 0 8 0 10 0 0 10 0 0 8 0 0 9 8 0 0 2 2 2 2 2 2 2 2 
2 2 2 2 2 2 2 8 8 1 1 1 1 1 1 1 8 6 6 6 8 0 0 0 0 0 0 8 9 0 0 0 0 0 0 8 0 0 0 8 10 0 2 2 2 2 2 2 2 2 
2 2 2 2 2 2 2 8 8 1 5 5 5 5 5 1 8 6 6 6 8 8 0 0 0 10 0 8 0 0 9 0 10 0 0 8 10 12 8 8 0 0 2 2 2 2 2 2 2 2 
2 2 2 2 2 2 2 8 8 1 5 5 5 5 5 1 8 6 6 6 6 6 8 24 24 13 13 13 13 13 13 13 13 13 13 13 13 11 8 8 0 10 2 2 2 2 2 2 2 2 
2 2 2 2 2 2 2 8 8 1 5 5 5 5 5 1 8 8 8 8 8 8 4 22 23 4 8 8 8 8 0 0 0 0 0 0 16 11 17 8 0 0 2 2 2 2 2 2 2 2 
2 2 2 2 2 2 2 8 8 1 1 1 5 1 1 1 8 8 16 13 8 6 4 22 23 4 0 0 0 0 10 0 0 10 16 13 15 4 12 4 4 0 2 2 2 2 2 2 2 2 
2 2 2 2 2 2 2 8 8 8 8 8 14 17 8 8 8 16 15 8 6 8 4 22 23 4 0 10 0 10 0 0 0 16 15 10 0 4 14 17 4 0 2 2 2 2 2 2 2 2 
2 2 2 2 2 2 2 8 8 8 8 8 8 12 8 8 16 15 8 6 4 4 4 22 23 4 4 4 0 10 0 10 16 15 0 0 0 4 4 12 4 0 2 2 2 2 2 2 2 2 
2 2 2 2 2 2 2 8 8 13 13 11 13 11 13 13 15 8 6 8 4 24 18 11 11 18 25 4 0 0 16 13 15 0 0 10 0 4 4 12 4 0 2 2 2 2 2 2 2 2 
2 2 2 2 2 2 2 8 8 8 8 12 8 8 8 8 8 8 8 8 4 22 26 27 28 29 23 4 16 13 15 0 0 0 0 9 0 0 4 12 4 0 2 2 2 2 2 2 2 2 
2 2 2 2 2 2 2 8 6 6 8 12 8 8 8 8 8 8 16 13 13 11 30 31 32 33 11 13 15 0 0 10 0 9 0 0 0 0 4 12 4 0 2 2 2 2 2 2 2 2 
2 2 2 2 2 2 2 2 8 6 8 11 13 13 13 17 8 16 15 8 4 22 34 35 36 37 23 4 0 0 0 0 0 0 0 0 0 0 4 12 4 0 2 2 2 2 2 2 2 2 
2 2 2 2 2 2 2 2 6 8 16 15 8 8 8 11 13 15 8 8 4 22 9 39 40 9 23 4 0 0 2 2 2 2 0 10 0 4 4 12 4 4 2 2 2 2 2 2 2 2 
2 2 2 2 2 2 2 2 8 8 12 8 8 8 8 12 8 8 8 8 4 20 19 11 11 19 21 4 0 10 2 2 2 2 0 0 0 4 16 15 4 4 2 2 2 2 2 2 2 2 
2 2 2 2 2 2 2 2 2 8 12 8 8 8 8 12 8 6 6 6 4 4 4 4 12 4 4 4 0 0 2 2 2 2 0 0 4 4 12 4 4 0 2 2 2 2 2 2 2 2 
2 2 2 2 2 2 2 2 2 8 8 8 8 16 13 15 8 6 6 6 6 6 6 8 12 8 0 0 0 0 2 2 2 2 0 0 4 4 12 4 0 0 2 2 2 2 2 2 2 2 
2 2 2 2 2 2 2 2 2 8 0 8 16 15 8 8 8 6 6 8 8 8 8 8 12 8 0 0 0 0 0 0 0 0 0 4 4 4 12 4 0 2 2 2 2 2 2 2 2 2 
2 2 2 2 2 2 2 2 2 6 8 8 12 8 8 6 8 8 8 8 8 8 8 8 12 8 0 0 0 10 0 0 10 0 0 4 16 13 15 4 0 2 2 2 2 2 2 2 2 2 
2 2 2 2 2 2 2 2 2 6 8 13 15 8 6 8 8 16 13 13 13 13 13 13 11 8 0 0 9 0 0 0 0 0 0 4 12 4 4 4 0 10 2 2 2 2 2 2 2 2 
2 2 2 2 2 2 2 2 2 6 8 8 8 8 6 8 8 12 0 0 0 0 10 0 12 8 0 0 10 0 0 0 0 0 4 4 12 4 4 0 0 0 2 2 2 2 2 2 2 2 
2 2 2 2 2 2 2 2 2 6 6 6 6 6 6 8 8 12 0 0 0 0 0 0 12 8 8 0 0 0 10 0 0 0 4 16 15 4 0 0 0 0 2 2 2 2 2 2 2 2 
2 2 2 2 2 2 2 2 6 6 6 6 6 6 6 8 8 12 0 9 0 10 0 0 14 17 8 8 0 0 0 9 0 4 4 12 4 4 10 0 10 0 2 2 2 2 2 2 2 2 
2 2 2 2 2 2 2 2 4 4 4 4 4 4 4 8 16 15 0 0 0 0 0 0 0 12 8 8 10 0 0 0 0 4 16 15 4 0 0 0 0 0 2 2 2 2 2 2 2 2 
2 2 2 2 2 2 2 2 3 3 3 3 3 3 4 4 12 0 0 10 0 0 0 0 0 12 8 8 10 0 10 0 4 4 12 4 0 0 0 0 0 0 2 2 2 2 2 2 2 2 
2 2 2 2 2 2 2 2 2 7 3 7 3 3 10 16 15 0 0 0 0 0 0 10 0 14 17 8 8 8 0 4 4 16 15 4 4 0 0 0 0 0 2 2 2 2 2 2 2 2 
2 2 2 2 2 2 2 2 3 3 3 3 3 3 13 11 0 0 0 0 0 0 9 0 0 0 14 13 17 4 4 4 4 11 13 0 4 0 0 0 0 0 2 2 2 2 2 2 2 2 
2 2 2 2 2 2 2 2 2 3 3 3 3 3 3 14 13 13 13 17 0 0 0 0 0 0 0 0 11 13 13 13 13 15 0 10 4 0 0 10 0 2 2 2 2 2 2 2 2 2 
2 2 2 2 2 2 2 2 3 3 7 3 3 3 3 3 4 4 4 14 13 13 13 13 17 0 10 16 15 10 4 4 4 4 0 9 4 0 0 0 0 2 2 2 2 2 2 2 2 2 
2 2 2 2 2 2 2 2 2 3 3 3 3 7 3 3 4 0 4 4 4 4 4 4 14 13 13 15 4 4 4 0 0 4 4 4 4 10 0 0 0 2 2 2 2 2 2 2 2 2 
2 2 2 2 2 2 2 2 2 3 3 3 3 3 3 3 4 10 0 0 0 0 0 4 4 4 4 4 4 0 0 10 0 10 0 0 0 0 0 0 0 0 2 2 2 2 2 2 2 2 
2 2 2 2 2 2 2 2 2 3 3 7 3 3 3 3 4 0 0 0 10 0 0 0 0 0 0 10 0 10 0 0 0 0 2 2 0 0 0 0 0 0 2 2 2 2 2 2 2 2 
2 2 2 2 2 2 2 2 2 2 3 3 3 2 2 3 4 10 0 0 0 0 0 0 0 0 0 0 0 0 2 2 2 2 2 2 2 0 10 0 0 0 2 2 2 2 2 2 2 2 
2 2 2 2 2 2 2 2 2 2 2 2 2 2 2 2 2 2 2 2 2 2 2 2 2 2 2 2 2 2 2 2 2 2 2 2 2 2 2 2 2 2 2 2 2 2 2 2 2 2 
2 2 2 2 2 2 2 2 2 2 2 2 2 2 2 2 2 2 2 2 2 2 2 2 2 2 2 2 2 2 2 2 2 2 2 2 2 2 2 2 2 2 2 2 2 2 2 2 2 2 
2 2 2 2 2 2 2 2 2 2 2 2 2 2 2 2 2 2 2 2 2 2 2 2 2 2 2 2 2 2 2 2 2 2 2 2 2 2 2 2 2 2 2 2 2 2 2 2 2 2 
2 2 2 2 2 2 2 2 2 2 2 2 2 2 2 2 2 2 2 2 2 2 2 2 2 2 2 2 2 2 2 2 2 2 2 2 2 2 2 2 2 2 2 2 2 2 2 2 2 2 
2 2 2 2 2 2 2 2 2 2 2 2 2 2 2 2 2 2 2 2 2 2 2 2 2 2 2 2 2 2 2 2 2 2 2 2 2 2 2 2 2 2 2 2 2 2 2 2 2 2 
2 2 2 2 2 2 2 2 2 2 2 2 2 2 2 2 2 2 2 2 2 2 2 2 2 2 2 2 2 2 2 2 2 2 2 2 2 2 2 2 2 2 2 2 2 2 2 2 2 2 
2 2 2 2 2 2 2 2 2 2 2 2 2 2 2 2 2 2 2 2 2 2 2 2 2 2 2 2 2 2 2 2 2 2 2 2 2 2 2 2 2 2 2 2 2 2 2 2 2 2 
2 2 2 2 2 2 2 2 2 2 2 2 2 2 2 2 2 2 2 2 2 2 2 2 2 2 2 2 2 2 2 2 2 2 2 2 2 2 2 2 2 2 2 2 2 2 2 2 2 2 
